A 0 0 4
A 0 1 8
A 0 2 3
A 0 3 8
A 0 4 10
A 0 5 8
A 0 6 9
A 0 7 9
A 0 8 10
A 0 9 2
A 1 0 6
A 1 1 11
A 1 2 10
A 1 3 6
A 1 4 10
A 1 5 8
A 1 6 11
A 1 7 9
A 1 8 10
A 1 9 4
A 2 0 3
A 2 1 10
A 2 2 11
A 2 3 1
A 2 4 5
A 2 5 3
A 2 6 7
A 2 7 3
A 2 8 4
A 2 9 6
A 3 0 7
A 3 1 3
A 3 2 3
A 3 3 9
A 3 4 8
A 3 5 1
A 3 6 7
A 3 7 4
A 3 8 7
A 3 9 6
A 4 0 9
A 4 1 6
A 4 2 4
A 4 3 6
A 4 4 3
A 4 5 10
A 4 6 10
A 4 7 4
A 4 8 1
A 4 9 5
A 5 0 3
A 5 1 4
A 5 2 3
A 5 3 8
A 5 4 2
A 5 5 6
A 5 6 4
A 5 7 6
A 5 8 3
A 5 9 3
A 6 0 11
A 6 1 5
A 6 2 2
A 6 3 9
A 6 4 11
A 6 5 1
A 6 6 10
A 6 7 3
A 6 8 1
A 6 9 9
A 7 0 6
A 7 1 7
A 7 2 1
A 7 3 1
A 7 4 8
A 7 5 10
A 7 6 10
A 7 7 7
A 7 8 5
A 7 9 7
A 8 0 9
A 8 1 2
A 8 2 2
A 8 3 7
A 8 4 7
A 8 5 3
A 8 6 7
A 8 7 2
A 8 8 8
A 8 9 6
A 9 0 7
A 9 1 11
A 9 2 3
A 9 3 8
A 9 4 2
A 9 5 6
A 9 6 10
A 9 7 1
A 9 8 6
A 9 9 7
B 0 0 2
B 0 1 9
B 0 2 6
B 0 3 8
B 0 4 10
B 0 5 2
B 0 6 2
B 0 7 3
B 0 8 11
B 0 9 7
B 1 0 10
B 1 1 6
B 1 2 5
B 1 3 11
B 1 4 1
B 1 5 9
B 1 6 5
B 1 7 10
B 1 8 10
B 1 9 1
B 2 0 1
B 2 1 11
B 2 2 11
B 2 3 6
B 2 4 2
B 2 5 11
B 2 6 10
B 2 7 1
B 2 8 7
B 2 9 10
B 3 0 5
B 3 1 9
B 3 2 4
B 3 3 1
B 3 4 2
B 3 5 10
B 3 6 1
B 3 7 7
B 3 8 2
B 3 9 3
B 4 0 9
B 4 1 4
B 4 2 9
B 4 3 1
B 4 4 2
B 4 5 6
B 4 6 9
B 4 7 2
B 4 8 3
B 4 9 1
B 5 0 3
B 5 1 8
B 5 2 6
B 5 3 3
B 5 4 4
B 5 5 6
B 5 6 1
B 5 7 5
B 5 8 8
B 5 9 1
B 6 0 3
B 6 1 11
B 6 2 1
B 6 3 5
B 6 4 4
B 6 5 3
B 6 6 10
B 6 7 5
B 6 8 5
B 6 9 3
B 7 0 11
B 7 1 3
B 7 2 4
B 7 3 7
B 7 4 6
B 7 5 6
B 7 6 10
B 7 7 7
B 7 8 11
B 7 9 2
B 8 0 11
B 8 1 9
B 8 2 6
B 8 3 7
B 8 4 5
B 8 5 10
B 8 6 7
B 8 7 1
B 8 8 9
B 8 9 3
B 9 0 9
B 9 1 8
B 9 2 7
B 9 3 1
B 9 4 5
B 9 5 5
B 9 6 11
B 9 7 2
B 9 8 10
B 9 9 3
