A 0 0 8
A 0 1 7
A 0 2 3
A 0 3 8
A 0 4 9
A 0 5 5
A 0 6 7
A 0 7 7
A 0 8 2
A 0 9 10
A 1 0 7
A 1 1 10
A 1 2 5
A 1 3 6
A 1 4 5
A 1 5 10
A 1 6 4
A 1 7 11
A 1 8 6
A 1 9 2
A 2 0 4
A 2 1 11
A 2 2 6
A 2 3 2
A 2 4 1
A 2 5 1
A 2 6 2
A 2 7 9
A 2 8 5
A 2 9 11
A 3 0 2
A 3 1 7
A 3 2 4
A 3 3 5
A 3 4 1
A 3 5 8
A 3 6 1
A 3 7 8
A 3 8 6
A 3 9 11
A 4 0 5
A 4 1 10
A 4 2 8
A 4 3 4
A 4 4 7
A 4 5 11
A 4 6 7
A 4 7 11
A 4 8 3
A 4 9 8
A 5 0 4
A 5 1 4
A 5 2 10
A 5 3 2
A 5 4 11
A 5 5 10
A 5 6 10
A 5 7 3
A 5 8 1
A 5 9 8
A 6 0 10
A 6 1 10
A 6 2 10
A 6 3 3
A 6 4 1
A 6 5 4
A 6 6 2
A 6 7 7
A 6 8 9
A 6 9 2
A 7 0 3
A 7 1 10
A 7 2 2
A 7 3 9
A 7 4 2
A 7 5 8
A 7 6 7
A 7 7 8
A 7 8 1
A 7 9 7
A 8 0 8
A 8 1 3
A 8 2 11
A 8 3 2
A 8 4 1
A 8 5 3
A 8 6 9
A 8 7 4
A 8 8 6
A 8 9 5
A 9 0 5
A 9 1 1
A 9 2 3
A 9 3 4
A 9 4 9
A 9 5 4
A 9 6 6
A 9 7 8
A 9 8 4
A 9 9 6
B 0 0 1
B 0 1 5
B 0 2 1
B 0 3 8
B 0 4 3
B 0 5 11
B 0 6 8
B 0 7 7
B 0 8 8
B 0 9 10
B 1 0 10
B 1 1 7
B 1 2 8
B 1 3 6
B 1 4 9
B 1 5 4
B 1 6 7
B 1 7 9
B 1 8 2
B 1 9 8
B 2 0 3
B 2 1 11
B 2 2 10
B 2 3 1
B 2 4 11
B 2 5 6
B 2 6 3
B 2 7 2
B 2 8 4
B 2 9 11
B 3 0 7
B 3 1 11
B 3 2 1
B 3 3 1
B 3 4 6
B 3 5 6
B 3 6 10
B 3 7 9
B 3 8 3
B 3 9 5
B 4 0 11
B 4 1 4
B 4 2 4
B 4 3 9
B 4 4 1
B 4 5 11
B 4 6 5
B 4 7 5
B 4 8 1
B 4 9 1
B 5 0 4
B 5 1 2
B 5 2 2
B 5 3 8
B 5 4 11
B 5 5 3
B 5 6 11
B 5 7 8
B 5 8 11
B 5 9 4
B 6 0 4
B 6 1 8
B 6 2 9
B 6 3 6
B 6 4 11
B 6 5 10
B 6 6 2
B 6 7 11
B 6 8 2
B 6 9 11
B 7 0 8
B 7 1 2
B 7 2 5
B 7 3 10
B 7 4 5
B 7 5 8
B 7 6 6
B 7 7 6
B 7 8 9
B 7 9 2
B 8 0 4
B 8 1 10
B 8 2 3
B 8 3 4
B 8 4 10
B 8 5 10
B 8 6 1
B 8 7 3
B 8 8 11
B 8 9 2
B 9 0 9
B 9 1 10
B 9 2 10
B 9 3 10
B 9 4 10
B 9 5 2
B 9 6 2
B 9 7 8
B 9 8 5
B 9 9 10
