0.00184847993036
-0.183879011146
0.374057872251
0.0877055009397
-0.136208377225
0.348313350246
0.451189922208
0.010528588666
-1.05867574995
0.510386583974
0.0121115487321
-0.168318420318
-0.448124841721
0.675425047615
-0.807406880147
0.515393275117
-0.155624740996
1.07439962851
-0.0540094248273
-0.264082595012
0.757505299323
0.0793753031766
-0.401980761965
-0.155199600459
0.134966357539
-0.144812610264
0.19736347764
-0.240790570022
-0.787629895187
0.490942049644
-0.737510816765
-0.660184283103
0.319088793547
-0.131664588699
0.0587215249225
0.112901862568
0.473869621964
-0.846602305605
-0.306152351065
-0.130521514474
-0.186774100994
0.181169260059
-0.0271856967711
-0.700016268168
-0.509811478018
0.0799740434613
0.0125209394128
0.815477986827
-1.04246804098
0.302014717338
0.0421428719449
0.019406107153
-0.0757963316479
0.0263532890359
-0.277042814945
0.335560275288
-0.419566769378
0.0357055426677
-0.028803566506
-0.0924747729473
-0.776632886159
0.565280473511
-0.530310186043
-0.727624611491
-0.0582424568999
-0.130482590107
0.305682543254
0.993835644115
0.0693665883795
0.160826074923
0.173611890828
0.230209205803
0.119291537465
1.34013445503
-0.225503103821
0.374334847053
0.77024731437
-0.165568048283
0.372224506206
0.271719443685
-0.0969656545795
1.59401318323
-0.885577622378
0.44236990953
-0.0311182831427
0.0569833926626
0.81915114512
-0.039159805529
-0.784294314605
-0.282982117996
0.843720130169
-0.92657751779
-0.140469923393
0.057157849637
0.110686712936
-0.100191563188
0.532376850725
-0.365573683741
-0.452627428077
-0.237932725737
-0.461814183268
-0.20433651285
-0.362012249158
0.04598167078
-0.396074555191
0.387232977319
0.223605350974
0.238278156429
0.291098777611
0.492704292642
0.533221962721
-1.01363553363
-0.857397703252
-0.618947188868
0.689256855084
0.13805814909
0.465443587492
0.191135357698
-0.126484848649
-0.155836223887
0.411914000753
-1.14808696879
-0.437298203966
0.287379098901
0.518732641207
-0.297963636226
0.63128225937
0.21696314215
-0.785785487868
1.31686754334
-0.297148853851
0.74679860305
0.173697747017
-0.685508822139
-0.676789325133
0.221888117683
-0.165698047231
-1.12346426562
0.549034801534
0.384424752396
0.124030578646
0.0553486917201
0.752670042394
-0.411625639188
-0.217532308741
0.469365280382
-0.0793248300386
0.138685033054
-0.921607710804
0.163877524328
-0.0048691639353
-0.782223316358
0.103386895593
-0.234690862246
0.178858549369
0.789441255654
0.417127332872
0.103293602765
-0.0803938084465
0.26454503716
-0.320872446833
-0.457122155589
0.0430550162838
-0.0551184349766
0.16873587746
-0.238237441465
-0.281191199458
0.215274265106
-0.656708091911
0.707053022999
-0.633863482488
0.438257742038
0.299982856641
0.543151984586
-0.745169569824
0.1351132662
-0.104976249737
-0.261496494006
0.158723214952
0.314396700209
-0.0351559082297
0.0892849904647
1.15628277898
-0.891909874927
0.330275716169
-1.15524775516
-0.379269140069
0.231286492051
0.357743229662
-0.932951238497
0.176750301259
0.178718192877
-0.0283875437111
-0.339185257
0.656872642281
-0.149586618399
-0.328742145404
-0.320769535584
-0.465289222793
-0.0586428482771
0.39280773672
0.086965391115
1.34850261081
-0.611410539972
0.514291959855
-0.237767601851
0.39861588785
0.318565169575
-0.853365774595
-0.687950438307
-0.485357544337
-0.303563516835
0.621904402786
-0.174491982173
0.610344047369
0.428031032049
0.265945024509
0.130441486153
-0.284590179797
0.189676778328
0.548049648934
0.796106962332
-0.549098036408
0.0891430629301
1.1832943344
-0.560945848488
0.357131537177
0.314776634315
-0.0173107588285
0.0797547658996
0.627321478389
0.237113296934
-0.24167613611
-0.0954863762698
0.02024533948
-0.197487829337
-0.632882436179
0.273523782175
0.195572928227
-1.13802898781
0.142524426928
-0.384501663722
-0.0285031553845
0.761824448665
-0.316577523265
0.294428883863
-0.35865931971
-0.246581283778
-0.432825058863
0.0600223525302
0.137057640498
0.19576626148
0.180731676
0.543923083298
-0.524554305022
-0.324723694349
-0.195834134116
-0.0805495941475
-1.73199992428
0.876526334389
0.343189513845
-0.810572761044
-0.292862752934
0.269161500139
0.654278118624
0.437844406739
0.323821153833
0.732821208532
0.200619721386
-0.759944150796
-0.173683166315
-0.054710121514
-0.339835872759
0.99407709258
0.481253789793
-0.0338465115479
-0.866761219966
0.0879563186642
0.0446192406425
-0.0816290575843
0.831038894645
-0.321716000223
-0.0215548306784
-0.567908295796
0.0939746459587
-0.637995373665
-0.581100566602
1.34937209752
0.551302436721
0.23542084414
0.508203069261
-0.218643991467
-0.511278966697
-0.0551526802741
-0.724592121156
-0.124319032356
-0.637563214445
-0.102941120971
-0.27406226179
-0.0660017705497
0.461384805633
0.412037010805
0.23091045649
0.140929474281
-0.0764219756359
-0.376884196103
0.378476079356
-0.14547965258
0.152995497922
-0.299428261438
-0.347768606252
0.200917562095
0.502984751428
0.599543327649
0.42223627612
0.879697768491
-0.0632219346351
-0.7530276287
-0.0202551375985
0.481250146606
0.164124545768
-0.67729339896
-1.17033089265
-0.551789052414
-0.744354698342
0.577205234041
0.223961212847
-0.777201681026
0.245655055417
0.184500651957
0.472553254836
0.164678807172
0.590907318144
0.310727717911
0.353611760494
-0.239038621773
0.218278282915
-0.269842313173
0.343410248872
-0.0211044175157
-0.00270535324182
-0.689048191086
0.80217143456
-0.201331569937
0.052652501062
-0.488416333991
-0.142806012952
0.536830265274
0.234521106629
-0.442799524296
-0.00648267768433
0.294789791818
-0.527891731564
-0.296840965087
-0.508781466239
0.435922261097
0.381587340021
-0.952486408826
0.238407045703
-0.371358365368
0.113780603394
0.032960514518
-0.196932464415
-0.0850863124234
0.151872749258
-0.720024921824
0.256346131249
-0.0893055005065
0.501518729344
0.255467147969
-0.386187121514
-0.364706861328
-0.20832280154
-0.0931714305579
-0.24804599527
-0.0275963333174
-0.0926484129426
0.537181663328
-0.386703603925
-0.245459711217
0.177672352525
0.511532512762
0.462251922938
0.365401054815
-0.0831187910946
-0.214096089669
-0.0432408376825
0.0582299547048
0.669334099676
-0.706468128951
-0.688553346826
-1.55393434081
0.272695756585
0.284017261614
0.300438881563
-0.287802734433
0.664067121716
-0.504515205161
-0.447939409983
-0.407371266998
-0.542399837111
-0.0169591034192
-0.251985794025
-0.232206421272
0.216195072848
-0.685557730832
-0.456934388036
0.411216592211
0.144280938617
-0.498857613942
-0.939868026002
-0.536361114592
0.101115189034
0.463594706445
-0.0156897565764
0.142584274196
-0.569630900479
0.825550234897
0.671607995908
-0.298614816794
0.21939490627
-0.505133155749
0.488098512956
-0.308120599641
0.593969567443
-0.0861256894793
0.143411017676
0.583917175668
0.231049530768
0.0573074276862
0.180698337034
-0.339825751347
0.919789954884
0.417502172942
-0.654570029496
-0.480320959447
0.486673925262
0.410003810379
0.13124793572
-0.341649627242
0.589562415441
0.357850207642
-0.244708533054
0.391824427732
0.363442122491
-0.563752583518
0.0386856599931
0.015182577085
-0.215741736634
0.05104895706
-0.494712756248
0.27403273662
0.323562147287
0.642872330141
-0.661480462692
0.315416068257
0.380484881383
-0.15325833304
-0.340052505886
0.690138077101
0.114157410027
-0.461916286881
0.929353694781
0.162993991285
0.10206764315
0.00882968238785
0.128057170727
0.139455325115
0.0967609615372
0.132354689124
0.438003376713
0.110888256863
1.14724712723
0.374866825928
0.59645911819
0.246405699363
-0.277149787295
0.630376720642
-0.537335670435
-0.00817053940214
0.803459880362
-0.458642741629
0.0633088855211
-0.423648298579
-0.466467990948
-0.046339765493
0.161760454861
0.140005773349
0.755174554426
0.240099274321
-0.108403592034
0.228101327957
0.587693528594
0.556921215805
-0.498262340209
-0.0882813015764
-0.280580372159
0.204553099118
0.11497808655
-0.101533503092
-0.0252628278231
0.362054021856
0.0967724475697
1.34571099461
0.522839384773
0.266411456951
-0.595730917143
-0.940498809115
1.00424130449
-0.025026605296
-1.01552694056
-0.360666345096
-0.019850249487
0.4446416823
-0.25581399242
0.686844122448
-0.734260299466
0.513657401179
0.00842646471783
-0.296505818405
0.524510927432
0.92235428567
0.483288029901
-0.26267945148
-0.435024955501
0.0162887370372
-0.569953505223
0.335968031837
0.647569037438
0.634304184074
-0.0540007495863
-0.207364228311
0.000379017601136
-0.0205772242981
-0.70645693181
0.172294764607
-0.632125172161
-0.311517816355
-0.0324804403119
0.823442013109
-0.13706274502
0.482439769195
-0.175793717062
0.414603816191
-0.168297473476
0.892542299599
-0.17738848628
-0.0322889190572
0.272929315882
-0.372145587726
0.329250312044
-0.741522239195
0.0730098115787
0.930258183698
-0.603184414378
-0.822876519792
-0.402901198258
1.03096531277
0.196289522863
-0.719574611563
-0.442323262593
0.338816846515
-0.473248663133
0.306048422868
-0.880529209162
0.244749614678
-0.448488247974
-0.186758120455
1.49513088588
0.515661510722
0.0969160880725
0.268292307289
0.335048765714
0.214215650498
-1.05903174306
0.31623962716
0.935691266304
0.563163761164
1.2534718164
-0.401616158055
-0.626427864272
0.0602005194201
-0.732837587793
-0.0580758868419
-0.172828363618
-0.372392553713
0.577948586115
1.03064814694
-0.241991787176
0.906076898304
0.504852110106
-0.108217454631
-0.449532624864
-0.490587697797
0.796850229578
-0.0968020775347
-0.236201603799
-0.00557237850433
-0.158936548024
-0.251181919527
0.542802366569
-0.29840813551
0.664255626893
0.129712881695
0.0473126393435
-0.19504974068
-0.504674665587
0.194191452327
0.076966612675
-0.170367390031
0.0926665449056
-0.631820138588
-0.0192470065119
-0.174831458616
-0.469295825818
-0.543390598446
-0.442391069722
-0.493015089245
-0.0668720968487
-0.205837042919
-0.0761083092839
-0.936957479682
0.595592128202
-0.530618081753
-0.376497392171
0.325500846227
0.307234808454
0.980697668926
0.629484282625
0.249075898739
0.0136453239097
-0.228971581846
-0.617974948189
0.234907689223
-0.161854055707
0.255785627304
1.00123820877
1.68415407639
0.445550114749
0.688048634782
0.517868168964
-0.0525615192031
-0.312448693069
0.562223325632
-0.558558051116
0.268116901567
-0.662987511381
0.357479894518
0.367235284498
0.369922838716
0.214374938702
-0.740962754916
0.379204000648
-0.0335166376059
-0.066180802494
0.392717810189
0.143363946891
-0.0324247434165
-0.204710137886
0.537943464048
0.114357907913
-0.555493369313
-0.251125013584
-0.698218135312
-0.121679599027
-0.144513458145
-0.0281315313244
0.558737287433
-1.09657632839
0.287444803833
0.0238834233691
0.553605395886
-0.406808355613
0.453926878888
-0.141319883167
-0.142153767196
-0.0461337934436
-0.496373458694
-0.727869509383
-0.0602111600294
0.439771404874
-0.0112189858682
-0.0176395415392
-1.27647154687
0.0928812144194
0.105664303237
0.297953743393
0.920022578466
-0.527308563828
0.141088173277
-0.408929019322
0.376347281513
-0.141130592318
-0.361256625182
0.61572004692
-0.909331874448
-0.281580849782
-0.72220833869
-0.0773966794019
-0.41014631196
-0.941023329079
-0.00607067341947
0.338776046584
0.0438343474089
0.178061053814
-0.992773956389
0.222004995367
-0.146962619647
-0.554441318915
1.2183201977
0.553164418701
-0.510853662317
0.758148287592
-0.393468260144
-0.286733074117
0.72836645203
-0.444786596578
-0.743543622641
0.226684330209
-0.436246923326
0.0927718903097
-0.0197527025829
-0.0134322369755
-0.34192353304
-1.29063901409
-0.316212775531
-0.0280454747344
-0.376172268538
0.652729582417
1.02255683458
0.211103496202
0.210568705278
-0.701654583523
-0.104830582523
-0.529690040959
0.106259925195
-0.0964446994672
0.415248202904
-0.247613358912
-0.489376374946
-0.772965828345
-0.600842518199
0.24779929704
-0.556430012249
0.488406214007
-0.0365195713371
-0.753224932529
-0.428023069419
-0.25821162104
0.200166528942
0.417549742143
0.566286049868
-0.212051773346
0.204230831061
-0.279054611551
0.356195431089
-0.0740155485377
0.019511212763
-0.008094695826
-0.033359101396
-0.120461810099
-0.385413390989
0.906614506592
-0.31106487768
0.194781263178
-1.14411810589
-0.98345603012
-0.432030229264
0.0504942062503
0.10426519554
0.339925075267
0.65028051648
0.133432598099
0.653919071741
-0.443263172334
-0.524327049178
-0.0133555011107
-0.404339190531
-0.109380650865
-0.632580049768
0.242311376903
0.439220184742
-0.00508570783863
0.414912823731
-0.272684042997
-0.700562496644
-0.168090037064
-0.0541563192155
-0.279277414984
-0.323107545414
-0.0689177929976
-0.451127972786
-0.890062931956
0.0399637794767
0.210022676676
0.349326447525
0.352185366648
-0.035014717137
-0.0549335882671
0.150615977353
-0.526968216942
0.653992284779
-0.170291846258
-0.231393548234
0.677323749866
0.212568551439
-0.229949731847
0.461310156096
-0.0390416649426
0.174363297862
-0.544295134427
0.965180172246
-0.692277130552
0.51897502755
0.926836111725
0.349491895403
-0.767764259536
-0.376144278132
0.300157708432
-0.393907731803
-0.156472724913
0.124714589091
0.50517532154
0.0689827900879
-0.564719602698
-1.22203194921
-0.493859622126
-0.345254887012
-0.138051391955
0.132930917323
0.251690782358
-0.405688416297
0.279892644717
-0.224731336118
-0.471496157608
0.28688289882
-0.116759904802
0.153030991716
1.62196326998
-0.39290889875
-0.214691515309
0.591837497632
-0.259877319869
0.0667115703038
-0.24434026792
-0.55429666055
0.844182759056
-0.0671273308129
0.045239182351
-0.071544760486
0.276157082803
0.549316389458
0.923939488602
0.241615051017
0.484737283785
0.370631658955
0.321491481506
-1.16149360103
-0.600097435127
-0.632685972773
0.42861072352
0.0727504167033
-0.541614190776
0.168138809169
-0.39483861773
0.790061817237
-0.566209642753
1.05616067998
-0.304456111765
0.368082167115
-0.29120049611
-0.927133076347
0.118513851562
0.623549581161
-0.132676476326
-0.582850152245
0.961582530488
0.101115248145
-0.195526521022
-0.885788072479
0.190305549513
-0.112616464879
0.324403164129
-0.0204850463094
-0.75548486046
-0.246810321018
-0.127640136763
0.66819601072
0.123996868022
-0.117407464343
-0.0194704334223
0.33787246599
0.373050062791
0.585503202446
0.130552999489
0.391010823706
0.097215543472
-0.862094899468
0.228221014866
-0.19295553321
-0.101521994051
0.0906840254405
0.124145495177
0.156057934069
0.117804128585
-0.129949353756
-0.777878141408
-0.20354096539
-0.72317145402
0.0113710387669
-0.244309314444
0.155678788542
0.230085050233
0.177202169439
-0.633745231571
-0.196783603424
-1.00460884097
0.00486116170662
0.93771775986
1.15874712848
-0.167064193276
0.651768461022
-0.630014937202
0.350816542527
-0.642439857244
-0.145384839296
-0.534291929701
-0.494920318971
-0.391393985757
-0.708242476123
-0.703047415194
-0.283790674445
-0.433654560916
0.780741509226
-0.334407675714
-0.231948913385
0.550551511725
0.355782670587
0.0582713293172
-0.339136659608
0.123003976527
0.272912980988
0.108605351939
-0.294225855634
0.839815108887
-0.377666110168
0.726801105614
-0.203722833176
0.431165684104
-0.134187401911
-0.043211701666
0.258988413502
0.471746610628
-0.183259262719
-0.525802568311
-0.977326197614
0.711058401269
0.575865120283
0.029036411701
-0.366358810074
0.656832894044
0.596723761686
0.010793603498
-0.0472365771697
1.27495820437
-0.0500451337066
0.731721820194
-0.0794006904021
0.443057804958
0.264505572242
0.502235295282
0.996340347252
-1.06025459449
0.225597504432
-0.436093897956
0.57247214181
0.389379479375
0.316615949386
0.177401458715
0.911000557461
0.294066583959
-0.689053088941
-0.0467307460041
0.249232181552
-0.0104642311921
0.578408274629
0.345364360937
-1.23350842619
-0.539940398235
0.275848939172
-0.34739850669
-0.125055076544
-0.479723895993
0.314894405183
0.026524114478
0.258942318236
-0.771365923954
-0.769508579898
-0.830526658934
0.542960682975
-0.370812854056
0.254681014723
0.302744952805
0.791757426971
-0.921021099211
0.0585634474103
-0.456371820319
0.331675487821
0.745909615053
-0.42367954292
-0.203946973898
-0.215312001482
0.806636318755
-0.428367797406
0.438791624
0.0468398426502
0.0124835010313
0.35268232968
-0.423261344557
0.0778318858085
-0.761980542452
-0.791351785892
0.625151669895
-0.499975672337
0.0584413644745
0.613107008833
-0.13661789839
-0.139712708745
0.680977565201
-0.119466199366
0.469245756564
0.233231510838
0.128343954968
0.424107989477
-0.163572905651
-0.44378248705
0.729913555342
-0.00251024100049
-0.575500097025
-0.232512067289
0.58783034661
-0.0376530341649
0.0628713227806
0.0235639334525
0.42336873844
-0.471784262947
0.604414585229
-0.113547584276
-0.540680311151
0.383359962509
-0.53753813472
0.345709440597
0.746518463929
0.102662571997
0.311882458077
-0.103174724744
0.239947882431
-0.370561749212
-0.379003336501
0.1297662567
0.160901348404
0.939742883747
-0.150711219905
0.399913116894
0.0826399370761
0.195848620184
-0.210531445106
0.0113426880764
-0.316665982186
0.498349041962
0.0297253202586
-0.280215711821
-0.266847327079
0.562961092817
0.0657724541242
0.46940073186
-0.544489475946
0.968185421879
-0.340941347613
0.406341301276
0.27009242677
-0.593006550548
-0.73302536773
-0.437167621456
0.219950107734
0.298231745877
0.0637036421627
-0.0194815618116
-0.281726186392
0.0880443014746
-0.00355178660945
0.400455179792
0.102675913774
0.492248659424
0.147586587009
-0.367689512309
-0.583544091872
-0.189359384129
0.113091087307
-0.163538602518
-0.691689221829
-0.357960822732
0.760980575526
0.457233112307
-0.625361994389
0.248008249186
1.00941636701
-0.0481316028872
-0.363506552961
-0.167741738936
-0.69260876968
0.0556661944759
-0.0327919034254
-0.681375674379
0.191536468458
0.418135330286
-0.233191441286
-0.730040398364
-0.136686532989
-0.250398163946
-1.16358224922
-0.572675533393
0.289741213691
-0.221679626928
-0.180530302481
-0.533749537177
0.235394452838
-0.52023911362
-0.249303299856
-0.704315904638
0.215671491345
0.85625751652
0.26624845887
0.277345761824
0.762149149264
0.430869266444
0.124051943181
0.112198953302
-0.1932212168
0.256989103486
0.248511813781
0.346907389437
1.1200954183
-0.335770731667
-0.307954309554
0.0681783712503
0.0699427290377
1.04516330867
0.877048233875
0.170258902418
-1.22007807107
-0.0227592276365
-0.734812396559
-0.0917147885864
1.15786603181
0.230610335248
1.1765642405
0.109253552482
0.2216453954
0.133467411979
-0.137922250567
-0.294397642846
0.310660162015
0.300944332463
-1.16312483954
0.631946212027
-0.0135061220866
-0.188254147054
-0.0497878938634
-0.176150840044
-0.513600169809
-0.247014394826
-0.405761512379
0.421996262367
-0.145105915651
0.0669887100482
-0.684084249334
-0.571448545942
0.115922105234
0.953632979751
-0.691496164081
0.39775636805
-0.30589470501
-0.30980331289
-0.0358038327888
-0.0402529403848
-0.440862315742
0.563305705949
0.467107339017
-0.853936671716
-0.950587629011
-0.124180781661
0.0601038283016
-0.0575599530468
-0.646544349828
0.978473447603
-0.245700401843
-1.09667095322
0.263746244526
-0.766800388665
0.571277528378
0.169947352128
-0.349121969786
0.503553650717
0.447771222696
0.114051361619
0.141301529766
0.817341572751
-0.145676837244
-0.38321733579
-0.128595668762
0.153907792575
0.200029204392
-0.905259307317
0.12178940514
0.610363740464
-0.429559040045
-0.650466643135
0.17573891231
0.596466729597
-0.867049839549
-0.165271197621
0.376930204096
-0.268239781358
-0.467271815249
-0.231619543263
0.284388196286
-0.642200585553
-0.0886500613653
0.126059948141
0.366660122477
-0.121999241249
0.283614096637
0.633653895722
0.680093129166
-0.521626674859
-0.874307569265
-0.954437087553
0.00734122284659
0.324426420805
0.0295724831471
0.028683929066
-0.200733066393
-1.29732918569
-0.260439753286
-0.505673655123
0.420574507034
0.529347483162
-0.0531905779978
-0.381762595474
-0.180557411761
0.17694014506
-0.21588071404
-0.256501861469
0.63496535738
-0.445857727458
-0.260593209679
0.617944422857
0.192413726264
0.189441355788
0.741946151906
0.780298264422
0.266736926292
0.452711443359
0.220341814035
0.0507694585113
0.351775495809
0.0183424982136
0.203574265268
0.694754095318
0.141938821641
-0.188325842951
0.0932592459352
0.0488713163161
-0.863987168142
0.865822351542
0.150611056988
-0.226259994505
0.258606694453
-0.280515509723
0.475369982876
-0.537937977925
-1.30199514064
-0.371406585757
-0.391054436478
0.137670536368
0.622335474034
0.621545403271
0.641005548906
0.426394214461
-0.0585168599156
-0.637327718372
0.292425449856
0.671887553438
-0.2253455685
0.0276735604165
0.309085955971
0.962936192944
-0.159525201105
0.3684889536
-0.23080722056
-0.0481384428401
-0.428071756347
0.345581619599
0.237446431957
-0.279099747111
0.315726596221
-0.175619427768
-0.50473817071
-0.653709068496
1.20650751513
-0.458870179439
0.343460280712
0.999251422105
-0.0630314274557
-0.648614454248
0.34698789674
-0.273264546226
0.460960855496
0.105671346024
0.301248281376
-0.832782034931
-0.444254732712
0.165226617996
0.0120266670274
-0.559083615193
-0.317337078347
0.171477589907
0.128178102369
-0.133661693789
-0.766025160891
-0.805721889542
-0.298170244406
0.0726016487896
0.228211503004
0.687122837833
0.48941093955
0.133937810474
0.560642149758
-0.404714350276
0.0338196050749
-0.553695904397
-0.385882038367
-0.5503454836
-0.0455291495267
0.554360384907
0.030129473007
-0.435054431161
0.386618034211
0.00217219265336
-0.256619567145
0.627859083362
0.899123510851
-0.127999825287
0.0126718545911
-0.113323062809
-0.458659204644
0.26762781992
0.033406589437
0.5433969524
0.64361966462
-0.487900330949
-0.361638624973
0.256247900794
0.219631870214
0.983790976283
-0.297584327515
-0.300000416543
0.784930761082
-0.19538966073
0.512267717942
0.554853050178
0.284921282558
-0.22021039258
1.00127979963
1.05329419646
-0.669711138201
0.212606960562
0.231219022848
0.362234099964
0.835721936271
0.0689722922005
-0.764129845827
-0.13589106246
-0.126564589634
-0.71583371601
-0.690434898142
0.521724506416
0.00233379156549
-1.26782207167
0.0378513277711
-0.255697700641
-0.243460383888
-1.00036636295
-0.0434939160164
-0.500408917609
-0.264881972177
0.212293940323
-0.38663689728
0.115690535646
-0.577807949423
-0.949054719693
-0.0363963655978
0.199112723316
0.528211904127
0.948312388692
0.484365365687
0.17622637642
-0.00413320768604
0.0898199748724
-0.812901844604
-0.306039590078
0.700243621586
0.390761268874
-0.236699547624
-0.084761467492
-0.345627718025
0.349799362205
-0.46279958367
-0.197485483288
-0.189373072413
-0.0314643403241
0.201176533601
0.0820143671749
0.187048198391
0.055324222491
-0.280823717372
-0.503701812175
-0.0802616372383
0.393735012002
0.30518867926
0.0898947895095
0.639787146295
-0.468382809083
-0.272076127075
0.522224679191
-0.163269641562
0.465540336529
-0.867697787717
0.168970639744
0.442067952844
-0.324458788275
-0.600981342575
0.053159546754
-0.184777929119
-0.218485616213
-0.386331563507
0.147352251201
0.117624259987
-0.123129919532
-0.81068081993
0.146978944845
0.233176377299
0.0879139370548
0.246654631535
0.242439860475
-0.317851577724
0.215996601943
1.16310224703
0.348395217327
0.927117495193
-1.16403941264
0.443863394672
0.282966087471
-0.79235862094
-0.069212937684
-0.259654312183
0.46559743341
0.423083046494
-0.67098430716
0.829872462735
-0.950653693612
0.262135614697
0.10603582931
0.581122386944
0.462157127838
-0.26581579881
-0.11905229682
1.10666539234
-0.433724641477
-0.264636996937
0.221125486399
0.710533325284
-0.420804196708
0.115358152165
-0.636472323072
-0.0606049725718
-0.641033806621
-0.582990636956
1.08141784522
-0.73000528923
-0.512599224099
0.259607437207
-0.238081817414
-0.024803824534
-0.0695498497225
-0.607637654083
-0.217388570178
-0.137482517153
-0.939068529644
0.805747450374
-0.245323197889
0.25938664702
-0.239118671875
-0.0616890003929
-0.370387327898
-0.0232895068087
0.175619584631
0.306944651713
-0.60934954609
-0.865591623494
-0.385889975974
1.10238392519
-0.00765454257099
0.436841956051
-0.099185913756
0.159476935157
0.763489431996
0.32144411281
-0.285395758773
0.867409432822
0.150357922293
-0.0673190292862
0.668936116902
-0.594486765783
-0.639382000565
-0.113870173384
0.352192088489
0.166917217952
0.512521343206
-0.0402984679586
0.068999803446
0.215832934309
0.687808175184
-0.490090593835
0.518951573652
0.728362592027
-0.330349767691
-0.369382617003
-0.0583687861581
0.252747249091
-0.0730320222328
0.100346273526
0.398323213226
-0.424961735889
-0.5109464068
0.30249855353
-0.317371182813
0.135087597923
0.454010643815
0.253582132947
-0.453788606303
0.286905054611
0.0971876137351
0.214796241071
0.576263249578
0.308332401584
0.342302181631
-0.471306260039
0.0977627988687
-0.315534258083
-0.219442757715
0.114594502051
-0.201448687773
-0.153669340629
0.453360647423
-0.451040595493
0.619410485669
-0.39441733903
-0.315979960473
-0.858428657447
-0.105877498585
0.340884609426
-0.144636345215
-0.475233016032
-0.960627697142
0.221992469923
0.645096749663
-0.906636020285
-0.273325077291
-0.0688509516052
0.0188154843677
-0.600168671923
0.133215404382
-0.703518384331
-0.0476086104091
-0.618050513473
0.29777046763
-0.75942689529
0.127727000254
-0.151424263947
-0.51543154917
-0.496513399929
-0.651610094736
-0.844589389917
0.358103371366
0.377321387796
0.107135704022
-0.0622829808371
-0.0518522126534
0.0416983925982
-0.377255113482
-0.390609195943
1.0723139702
0.0552721264948
-0.134851099312
0.61482120948
0.343878210974
-0.540535959921
0.912338428014
0.288089670813
0.280301665293
-0.619047251245
-0.428745763723
-0.233032303753
-0.0806640874855
-0.136759122843
0.244504542807
-0.154393927741
-0.271547438524
0.0301107844978
0.0550051289849
0.227371585405
0.0405081702963
0.392211781264
0.0690943098485
0.512146092219
0.742351524696
0.721454456967
0.490235110017
0.850081724528
-0.0503419919698
0.171315413034
1.02282590544
-0.314108240435
0.670519629515
0.012185442809
1.04585145421
0.539408275672
0.42609755098
-0.784974023903
0.890086513808
0.0185207429769
-0.325516640735
-0.0484155146865
-0.0567700326257
-0.0133850721167
0.751113951297
-0.0742204222776
0.107427382418
-0.964842637161
-0.0593843184324
-0.446965020504
-0.443253950949
-0.501929244991
0.304583955772
1.04501714632
0.538769220487
0.165166511772
0.778311390022
-0.9122345719
0.536954843323
0.383299046411
-1.01059591544
-0.0780607034636
-0.768879661165
0.453199717391
-0.0798251371103
0.140939051732
-0.334476359008
-0.297378740539
0.525965729065
-0.336587623513
0.839020723827
-0.418219124616
0.505093129435
0.978524698842
-0.53567567189
-0.868782958159
0.536490603093
-0.636042530776
0.992226314228
-1.23263799557
-0.985796867246
-0.587509243017
-0.565604644675
-0.214260089393
-0.121947833426
0.471449741652
0.259290189324
-0.204835836752
0.22027975771
0.198273607537
0.206928549966
0.297577064977
-0.267299820299
0.340356863182
1.06336243516
0.106667176582
0.408212445023
-0.690606848314
0.35444465051
0.377169717696
-0.248266723116
0.164796736246
-0.0120252358758
-0.480997010345
-0.0257717194432
-0.188183779207
-1.06129832589
-0.306305849719
-0.439297822021
0.675310511566
0.144112465534
-0.817164047354
-0.500349127192
0.600580755381
0.570511665963
0.126227958616
0.648856253941
-0.183858349881
-0.310178608303
-0.217890627987
0.22562706892
-0.536117341555
0.139527758993
-0.0361975988921
-0.603224287496
-0.167139047925
0.285300743878
0.295370490552
0.396905129676
-0.345906959183
-0.349654447949
0.518280261958
0.304707689103
-0.0904830328816
-0.101678203544
0.778698663105
0.651333757842
0.314315718475
0.738944751262
0.151906042505
0.80083614214
0.172812397913
0.278741505388
0.368036900177
-0.376279301897
-0.070077935888
-0.173525102725
0.180749658284
0.680100726203
0.130839606334
0.690262684496
-0.598533633416
-0.0606189153022
0.810748869999
0.401032382739
-0.233308325807
0.622905746804
-0.0701956568644
-0.319556681659
-0.0417920110525
0.559859971875
0.71594950691
0.42630615318
0.592241974311
-0.214968734442
-0.446958905108
0.353196849626
-0.605029687253
-0.383769925891
0.5901787729
0.200743307777
-0.310120475125
0.178255912103
0.257139812408
-0.251931068543
0.345319639304
-0.585332608276
-0.43863780436
-0.238074189694
-0.397040817845
0.420130999747
0.925532385983
-0.885088145643
0.907964384259
-0.0984778704769
0.0240361178049
0.682590255071
0.63826579396
0.54610658033
0.160962892574
-0.179070721212
0.339853945996
0.0978284639943
0.172519157538
-0.219631450437
0.129251141364
0.00257232633391
1.07468650259
-0.628648052861
-0.400313016877
-0.144535919127
-0.558928223286
0.218554324222
0.481052437966
0.190773723661
-0.971537175997
0.154883071906
0.833152436532
0.711769599354
0.778737712505
-0.272201590171
0.577588828281
-0.00107890155999
-0.325765333279
-0.302630463662
0.599309843618
0.113280523106
-0.103995444162
0.395395159157
-0.706979049831
0.227520123933
-0.47704863268
0.182829401842
-0.22925574513
-0.110697414764
0.172222666933
-0.140486172894
-0.444441378598
0.485433283788
0.979648421344
0.599849379353
0.651367574373
0.230925842256
-0.184356119917
-0.357415065031
-0.133409410964
-0.542591900613
-0.0120946921195
-0.40278684662
0.0719253648525
-0.0446391798451
-0.775496261113
0.275949666305
0.60583202231
0.807213295494
-0.532832094144
0.236010733338
0.31116344972
0.115877913613
-0.16513945068
0.708867347068
0.591824532689
-0.077892178761
0.147325942926
-0.342028230386
-1.16167893364
-1.53208130593
0.403805324315
-0.40370883201
-0.524781810974
0.203184201189
-0.214940083788
0.788339986727
-0.534558147784
0.743517466322
0.0912441024943
0.235084558804
0.399687935946
0.569318605648
-0.473640932548
0.808629335654
-0.194442416575
0.404759404358
0.376359870735
0.278359344867
0.108653515113
-0.920409837101
0.932343974692
-0.506312222743
-0.463459503177
-0.340085316448
-0.423648369586
0.542687585218
0.109505713049
-0.624479796238
-0.730923722531
0.26619643379
-0.151632896342
-0.428964136918
-0.463641339515
0.251805518131
-0.539436914844
-0.168808087225
0.312736220993
-0.131541808921
0.244209806238
-0.0689903239343
1.26532791261
-0.794890135247
0.320194468016
1.27307885967
0.384882297137
0.281802218603
-0.194366184328
0.153166457543
0.885960891741
-0.785942810101
0.262659670789
-0.0123536105128
-0.427325820784
0.0726645280788
0.198267140107
-1.11316100739
0.0760513920999
-0.112180591131
1.05943528423
-0.209438897971
0.158265791252
0.34647968702
-0.055101012096
-0.705997882692
0.598399604534
0.799875550917
0.107018096041
-0.981298468108
-0.159697232977
-0.623466362089
0.214113001006
-0.0457338557437
-0.567228922994
1.15688875033
-0.42131878701
0.338609129774
-0.116150658928
-0.0294499401338
-0.172732214733
-0.774496850718
0.166788690766
-0.540195178656
0.602325516121
-0.744066407124
-0.82241726709
0.443487482047
-0.283521375138
-0.512798962384
-0.357025815764
-0.746656547639
0.241303252319
-0.0133378132202
0.213990368312
0.287881607629
-0.0794100962658
-0.858039919106
0.1799029914
0.393645436022
-0.912692263641
0.453877959026
1.08551015675
0.355142904504
0.129345588884
-0.478374308041
0.0527769338678
-0.154144474202
-0.555319581647
-0.0947864805658
0.415411043376
-0.170057828482
0.745836867476
-0.160373728064
-0.751319322938
-0.742324369357
0.0453811792915
0.107122672998
0.586978339289
0.30718313996
-0.187962073769
0.387896652692
-0.0504874702675
0.284313684113
-0.165816990919
0.322564171665
-0.383439294716
0.00855051688577
-0.841408587728
-0.010782769231
-0.580892435426
-0.146401668207
-0.267750806192
0.209117651322
-1.02184045348
0.0187273367567
-0.268803578497
0.514053396231
-0.970230263653
-0.716847029363
-0.171454178811
0.251002199415
0.460200648947
-0.737807030381
0.136837243205
-0.325654699366
-0.292520778101
0.203996020647
1.33499369942
0.0902345035812
0.719597347794
0.343622512047
-0.0822349832223
-0.411162673292
1.03413402312
-0.0896788829763
-0.241842193918
0.166313156226
-1.26873779308
0.574804474359
-0.881050438466
-0.101332166928
0.294204879612
-0.283385214969
0.374114151635
-0.613035122288
-0.0537374671654
0.452202874246
0.255988313035
0.00620155892664
0.639385262348
0.0289071682926
0.213002071267
0.640816344627
0.243293589761
0.424935902607
0.212221832929
-0.282687784167
-0.300058454327
-0.250860825087
-0.140359283283
0.360962109272
-0.20119722258
0.468008487382
0.476591114136
-0.220382869365
1.55384421749
0.724056438212
-0.410520397462
-0.0285737323654
-0.330272999674
-0.115173221117
-0.483238000732
-0.542693452375
-0.531173879341
0.00470114424708
0.438439664166
0.735147761583
-1.71538146126
0.0338438111729
-0.538457121777
-0.577111873778
0.0607422082828
-0.516804845561
-0.0780186555724
-0.794447063524
-0.618668072776
-0.142720229121
0.130577578383
0.22197659644
0.213523938601
-0.282249741249
-0.345370671806
0.766040925189
-0.582818559392
1.16296614064
-0.162154978943
0.530586311745
-0.437135296094
-1.19447212409
-0.638976558431
0.129467397531
0.0045818696891
-0.152623978529
-0.24719323454
0.664282181886
-0.529594460314
-0.0628703294102
0.755848650399
-0.5169841203
-0.977770308603
-0.0622652969135
0.169888602913
0.915555987456
0.61877270634
-0.185940936968
-0.383164137126
0.437444495873
-0.108477039281
-0.656467836951
-0.370775390198
-0.0539007898019
0.45192066458
0.729807122649
0.380714767136
-0.833058279469
0.173284918602
0.786963294852
0.360690928803
-0.565006664202
-0.141760891561
-0.607796993629
-0.0758670015263
-0.214523080826
0.578920761091
0.195845290207
-0.0182137730021
0.18061146493
0.211517568759
-0.513891969969
-0.390691148736
0.0899211561881
-0.199483548986
0.179772368771
0.887541212795
0.179784419633
0.932451054774
-0.355001805972
-0.248774518536
-0.673651456577
-0.254510035667
1.09990233767
-0.94533874021
0.435427297538
-0.196994166458
-1.44467738043
-0.562337235844
-0.268556541189
0.215070583111
0.85402322072
0.360143462306
-0.928899009933
-0.0317783533342
0.645572316188
-0.126605923729
0.566495127603
-0.525230142123
-0.372499470086
-0.0860579160813
-0.645009506918
-0.296717384347
-0.0327077038035
-0.672588423227
0.374935460658
0.261261270667
0.0622348845622
0.0351419902421
0.891337035277
0.32782313571
1.13987276889
1.30513200024
0.272947929977
0.457023715038
-0.560445530719
-0.388597644012
-0.009363276025
-0.787538599548
0.31434171038
1.03996657681
-0.591666442549
-0.374344143457
-0.0780212342873
0.596503875789
-0.473779603282
-0.715604787008
0.366495955399
0.463851728279
-0.764982273443
-0.8920865833
0.408870631339
-0.826804858367
0.369092150167
-0.127944276743
-0.0086025562606
1.20989412951
-0.501311017868
0.280561652217
0.63043040011
0.0538090813064
0.188064332782
-0.191502901027
-0.471667322877
0.0340885694113
0.326779719249
0.359396809238
0.483459586931
-0.436729288725
-0.64494685692
-0.713173647811
-0.554242399895
0.214691261652
0.295414298447
-0.25175851193
0.235615202787
-0.0555175922713
0.316869346176
-0.273461818787
0.36872158252
-0.303267912135
0.476801568129
0.460189790188
0.132846678497
0.329380536059
-0.34834309177
-0.568239165456
0.298701114361
-0.556792659932
-0.282839980623
0.366236021667
-0.267575174751
-0.319778840524
0.484792268731
-0.0711194703119
0.123167730877
0.327181579785
-0.136541591435
-0.178937913897
-0.128719128734
0.322576630613
0.567633268444
0.0120929347177
0.0374810250581
-0.379105004105
0.388517259763
-0.697597206545
-0.593495647759
-0.467791542432
0.347091210616
-0.726222723746
-0.932588942017
-0.116546136906
-0.0808194612826
0.174792259916
-0.0289140568545
-0.886690486244
0.210510236594
0.143913378717
0.322587984198
0.0385740113436
-0.199812292469
-0.443411463614
-0.58896612827
0.306701311576
1.3262002661
0.411123345142
0.188582534948
0.130901171727
-0.366539499496
-0.266009824397
0.0999678468553
-0.321685616014
-0.272571132573
-0.0116920601591
0.246757486454
-0.597171278508
0.433869463594
0.109742513954
0.416813691149
-0.304777484589
-0.0940207424218
-0.169710347048
-0.240594591698
0.402027994356
0.108156740312
0.326292395327
0.157573796661
0.359006184529
0.899039272311
-0.468289418745
-0.706023673021
-0.289879746755
-0.338939746005
0.371780099769
0.439170967236
-0.496410562652
0.139777163681
0.0769185733185
0.159601509012
0.0649064051134
0.663194555571
-0.197904043201
-0.216361262396
0.254042399393
-0.300040709877
0.715276368238
-0.354210847821
0.0120376842339
0.851573327177
0.0248492018615
0.454726767006
-0.421137768702
0.0155344980997
-0.30203382874
-0.591963279729
0.376908590298
0.742064390679
0.741861293334
0.155289303635
-0.26649122598
-0.296735681825
-0.329944756001
0.176046061362
-0.199775027945
-0.43557033776
-0.339589209961
0.163337246779
0.87242238071
-0.553378734652
0.213984808834
-0.269198348219
0.457482385625
-1.18925023502
-0.0972651330037
0.385373342669
1.01471670198
0.0177820596326
0.339972909804
0.607580225896
-0.422550941385
0.283963958782
0.0641487239295
-0.250993972732
1.14225365311
-0.268742955434
-0.186819000192
-0.279238276487
0.74956129197
-0.615737043514
-0.50180075027
-0.102118001569
-0.99486667374
0.277547097382
0.190759119878
-0.54072463711
-0.800438309928
0.0285115057409
-0.376562655748
-0.052018338979
0.0927146318803
0.380058472029
-0.115945926023
-0.0484073980773
-0.020970155797
0.386180973062
0.733979043583
-0.133595975222
0.00914191027326
-0.235329883304
0.751349635688
0.30618393736
-0.391232185179
-0.132633544439
0.75797136364
-0.824616729912
-0.414582575148
-1.33806510232
0.457798540364
0.49610677505
-1.04931743911
-0.634258583244
-0.312914660892
0.233206722971
0.216220200712
0.0184121732217
0.614500535875
-0.980364202252
-0.0183118023093
-0.779587722056
-0.858259598618
-0.0452673768957
0.284386072922
0.223588636227
0.182778191721
-0.039564785748
-0.599506425214
-0.0195563415852
0.486356000589
0.151426056566
0.472591481857
0.110283248233
0.061436450519
-0.627896434095
0.250992079298
0.210059813125
-0.348336156566
-0.159100143478
-0.436656259993
-0.647841439047
-0.81371632686
0.707139946883
-0.501149638538
0.121813330919
-0.131859396412
0.328050443895
-0.102135223337
0.334077310037
0.239227658598
-0.128628332939
-0.923865274264
-0.00839389111926
-0.64476809891
-0.630699970684
0.97980296183
-0.470643690283
0.203380364838
-0.186867571009
-0.28202642457
-0.332932164628
-0.183234455073
0.305310609262
0.431021425423
-0.0321497520822
0.263098141483
-0.905921667801
-0.528516908777
0.244589099644
-0.157824234544
0.741840610746
0.194221403519
-0.65312072494
-0.454431092646
-0.381136178534
-0.222829299304
-0.23505946172
-0.155831525991
-0.508746483071
1.02953491567
-0.313577403227
-0.285989357442
-0.393573435664
-0.580113081588
0.102209073429
0.153759913803
0.246147259442
-0.155168135341
-0.328795872491
-0.217483899828
0.336153589759
0.531221013159
-0.078191893373
-0.0690065699016
-0.0644049719384
0.0631943425489
-0.739344739627
-0.503413351985
-0.49790914575
-0.604053400845
0.859581693168
0.612684326448
-0.0747873328267
-0.00919723444026
-0.260628944669
-0.402585883906
-0.204688470437
0.110958975399
0.724398405977
-0.368528983995
0.401209653089
-0.494991694252
-0.561499881923
0.070757353005
-0.576978884426
0.506270819051
0.152825371946
-0.38076770467
-0.199996421157
0.00895655440561
-0.435463292
0.155056485941
-0.768681901929
-0.0559933631536
0.741992945297
-0.542372602606
0.36158227156
0.219158404535
-0.325810577423
0.171739834887
0.235331713421
0.532345291496
0.320765135715
-0.491141618427
0.79776559152
-0.10163472148
-0.601653591083
-0.205438030139
-0.748103614507
-0.651096516007
-0.137084831759
0.294242477493
0.486972178998
-1.06137619549
0.302259291772
-0.659990375452
0.339552228791
0.19508360745
0.276121936324
0.0682170083581
0.0952815130883
0.506279817811
0.0524869793997
-0.300133614094
0.815573524962
-0.175253103381
-0.9173365877
-0.294949343111
-0.851445502019
0.268636970027
-0.370367011335
-0.393588564182
0.529832770845
-0.523271180585
0.305238182462
-0.874074659356
0.262635260121
1.23386194449
-1.30314788448
0.268338488629
-0.407654398418
0.631269680636
-0.276690893027
-0.275188791995
0.552166978197
-0.103116694647
0.264967270061
0.592572623037
1.13890310808
-0.212239369342
0.371061154669
0.717995539582
0.546098246538
0.496365179324
0.646213222526
0.834067299659
0.514542461502
-0.640463071433
0.112410478462
0.0888252583937
-0.0106488430274
0.500429684385
-0.727853411686
-0.600160779514
-0.111717179588
0.319036866659
0.585502595166
0.143396183238
0.270405831213
-0.731990548999
0.682656343911
-0.739272423986
-0.00470654140142
-0.502310753464
0.820378347997
-0.0474217251559
0.0266039009464
0.366610188256
-0.614843464361
0.200981445185
0.879155192111
-0.531068077193
0.107805739858
0.590554543181
-0.00481600401544
0.109179851937
-0.619372048636
0.524820122817
-0.419397056764
0.339433257771
-0.643433072912
-0.00333811386179
0.10182536822
0.753737922484
-0.654646289413
0.0909367347125
-1.29563096372
0.246202280593
0.345248698691
0.601664753711
-0.575394746656
-0.0241935208286
-0.0971317231181
-0.628921363561
-0.428798302427
0.248439983675
-1.17760753411
0.511093415869
0.104785098795
-0.871766604776
0.668611591192
0.185432018179
0.707361926458
0.0748252738414
-0.121710237542
-0.832947947353
-0.401980434375
-0.136440924398
-0.292526299693
-0.475727648015
-0.861785984537
-1.6997492377
0.358082113119
0.26838706251
-0.259511744268
-0.196081228592
-0.506245393585
-0.344124703722
0.693159845737
-0.186629884477
-0.289005525714
-0.664730282359
0.331861840435
-0.355306806548
0.225815204523
-0.676471731124
-0.539409034543
-0.690725345228
1.12038474371
-0.343389629056
-0.357736465112
0.47084425636
0.0653705626162
-0.0644407156487
-0.0916286467776
-0.00367961276244
0.291703855347
-0.377540755519
-0.373025478011
0.804146143267
-1.04321097934
-0.546165208624
0.616440151102
0.432801761672
0.123545858491
-0.175141485323
-0.166808834694
-0.0916629019948
-0.100807444733
0.72620525867
-0.128178656189
0.210773458139
0.352675965418
0.101309056901
0.571250894718
-0.00981531762141
0.711722378627
-0.419585386773
1.28321218446
-0.169343223712
-0.0776004647601
0.659977826899
-0.31747296186
0.0208651819009
0.497890149477
-0.272088219006
-0.209347631273
0.592139141604
0.506481274843
-0.267437849407
0.230461601554
0.493351680391
0.474188213091
0.456479739869
-0.513117899865
0.869308466039
0.646944751231
0.456710201473
0.320632025091
-0.278366709251
-0.253156578974
0.58909760002
-0.126149691213
0.196511133732
0.498845536129
-0.341821326625
0.647029404492
-0.793816865604
-0.387175698033
-0.288828506942
0.0294402267794
0.31324216836
0.309186663198
-0.0569393722268
-0.0917464688435
-0.460203016869
-0.0415170472804
0.849279644078
0.417111584365
0.0699256135532
-0.448347804795
-0.68052988627
0.367136067477
0.317492138672
-0.720060433457
0.387718400982
-0.273241088264
0.22486930307
-0.0108580334385
0.600337952961
0.354454255961
0.304071405917
0.354564744423
-0.0245830988809
0.181012305819
-0.308334168906
-0.970075355253
-1.19560376421
1.01182665576
-0.51783059997
0.0923594383919
0.478895354073
-0.519370126546
0.151878938784
-0.990640292139
0.387011619867
0.00530388663245
0.346083064736
0.648697334687
0.384544963657
0.827479055497
0.134121167163
-0.233857713656
-0.0590052964715
-0.262603091708
-0.15114086084
0.00970724491484
0.202402238557
-0.40220791815
0.278112106705
-0.886153010939
-0.941333146292
-0.261341512129
0.369560645061
-0.0348690336851
0.33607343478
0.609710616399
-0.0927778035344
-0.262486530682
0.448849101227
-0.615408787523
-0.911222317674
0.441025435735
-0.233481134531
0.957844376464
1.04102930612
-0.153178908
-0.652471329324
0.450620044455
-0.129954379864
-0.321048455793
0.307440874048
-0.623077865462
0.611865231626
-0.110105680188
0.38113226764
-1.21611728475
-0.00832214718766
-0.360648446971
0.436014415841
-0.0585562440848
-0.152520537855
0.335946404511
-0.409367819349
0.0396308666992
-0.36963164962
0.928012022185
-0.0911665982668
-0.366297012584
0.888847194807
-1.38794702085
0.612327411591
0.312422154166
0.51039134805
0.0789236711598
0.764016478226
-0.721036730798
1.11178169279
-0.43151983375
-0.124877866439
-0.696606942783
-0.332985063826
0.329949126601
0.0565471328446
0.694044276214
0.0887028964176
-0.173331964987
-0.479449183608
0.101580669076
-0.183697620981
-1.10445657288
-0.276100314588
-0.055121308934
0.219888906317
0.0564603956128
-0.432003600575
0.173728309142
0.261374809211
-0.335960554298
-0.234664447048
-0.876824411127
0.0453005520004
-0.282096572096
-0.184292520838
0.0834033807072
-0.0472823997547
-0.452533810814
0.227380131563
0.651757015686
-0.413528329369
0.0879886478656
-0.343400665894
-0.453338686929
0.0482131653207
-0.240173909742
-0.216729967928
-0.60048802465
-0.854083179127
-0.24066968454
0.598594585823
0.610139721741
-0.823633591236
-0.387587808923
0.245360334505
-0.444369518949
-0.172676556064
0.175145323673
0.275531724278
-0.138937996399
-0.14986194549
-0.306334294962
-0.49975918968
-0.809266785334
-0.901767349245
-0.790869155429
0.832190868227
-0.393884088081
0.34493771972
0.44899225124
0.584522724313
0.424368884331
-0.64451363472
-0.136408371658
0.353814920894
0.0504675339707
-1.1049192222
-0.0872888925419
0.463806015301
0.517684193936
-0.223979543606
-0.0149164682818
0.516134171683
-0.174474016002
0.279675878744
-0.0186746744857
-0.410035038848
-0.893391567335
-0.490740034514
0.0589489021324
0.670479110844
0.446618832933
-0.178757151598
-0.277030627045
-0.0508540751373
-0.615589602011
-0.163370740498
0.174535633947
-0.13790972765
0.156068521714
-0.500464777646
-0.302001665294
0.876222072207
0.234545810188
-0.700748316163
-0.0256139587418
0.757090019022
0.0949209155264
0.852899056962
-0.820613854805
0.0294989302541
0.713186336477
-0.193765974957
0.833219996261
0.190624300245
0.283728947427
-0.329225049708
0.144133526568
0.476546930724
-0.28467372922
-0.0904376513153
-1.5297566601
0.284287278434
-0.708640413519
0.455877964851
-0.580136379261
0.847343998352
0.449963847807
-0.0916183802371
0.166728940537
0.31451310505
0.694699995656
0.315504510656
0.0846118262213
0.250171741016
-0.653324514208
1.02378320501
-0.80546214743
0.426162411263
-0.105610068179
-0.211750873963
0.184999286987
0.183717869967
0.196759494859
-0.0416034663685
-0.351257316053
0.221765535341
0.418205658533
0.244002584542
-0.102138715674
0.821089331954
0.114447586156
0.638333923684
-0.253495842709
-0.262947816292
0.443823830389
0.41223572682
0.213888595441
1.42956446878
0.442013104496
-0.0872172079048
0.0362507705127
0.0183609079453
0.063482778048
-0.562063651499
-0.153439662394
-0.181958101301
-0.427218197038
0.135852308534
-0.260498258328
-0.209744714409
-0.270481056605
0.0708899760114
0.719742942623
-0.61614759117
-0.134527076233
-0.606134670776
-0.33472900783
0.0241414141304
0.214348919122
0.84087197577
-0.329523670662
-0.155727988543
-0.119452063739
0.0254309296191
0.393961666685
0.7511358107
-0.486386337281
-0.471013040264
-0.740925325903
0.438091246462
0.374153923003
-0.00849254876005
0.189724640858
0.720556473972
0.166151649232
0.421178266385
0.379667570786
0.150220960591
-0.15091940438
-0.225912818046
-0.472318305353
-0.427640856143
-0.0951428059025
-0.90592702156
-0.589397584627
0.818247845934
-0.417558612867
0.387045255997
-0.57149104183
-0.77421320931
-0.657547889533
0.0909543584861
-0.0734071001684
-0.092135483662
0.202487897958
0.512614695933
-0.513790094251
1.36769965338
0.500842952147
0.615509295051
-0.555128944154
0.182852737988
-0.25794130894
-0.210681615146
0.0642311737831
0.00240552461363
0.757039291286
0.0386206916625
0.0598055408539
0.419732570483
0.0785131478887
0.160987683081
0.0669556067419
0.100925218239
-0.62664615095
-0.299350269124
-0.817497094784
-0.462318952796
-1.06510156215
-0.441577792524
0.28765974001
0.0522779608964
-0.254548211956
0.202485823331
0.319613603878
0.0739425830033
0.561157706207
0.0621299851867
0.400316872801
0.189990888191
0.963862046671
-0.104462281512
-0.166818615914
-0.901779735308
0.0392903003769
0.84086911701
-0.820333212118
0.164097737003
0.445301203025
-0.141403224972
-0.436372141667
-0.0325076185943
0.0645654376548
-0.0336310466552
-0.788049008032
-0.0672161604421
0.115887229255
0.431265794977
-0.346957679382
-0.218222812823
0.363256724038
-0.331588604907
-0.115265137883
0.183643833373
-0.182931274704
0.65812657478
0.508052420777
0.210361835219
0.370298239698
1.0498947489
-0.0513317813836
0.322291769768
-0.776067302005
-0.0767037619984
0.2259610721
-0.220203407842
-0.969469726548
-0.110468942674
-0.285987290777
-0.43788592898
-0.830322076134
-0.676372431242
-0.207786023277
-0.438203244234
-0.655085533727
0.169854453678
0.0305894387532
0.214330565642
-0.0883160129989
-0.0552845103209
-0.229773861399
0.696968472012
0.530896958746
1.28959964178
0.490883336321
0.324976885072
0.697478204465
-0.356988723157
0.741687619736
0.0975898391109
0.772403876336
-0.729905709004
-0.41318800196
0.228034410442
-0.330522778553
-0.534630734058
0.436590305432
-0.532036337919
-0.193756770065
0.211938047924
-0.228141721324
-0.516305274582
0.337484784753
-0.767611297751
-0.154168957349
0.127957359035
0.30222358743
-0.577176905062
-0.980931220939
0.874547476872
-0.122658819362
-0.336720337104
0.695734671547
-0.30227600716
-0.637543019613
-0.0520516770819
-0.0558810371463
-0.661439371176
0.3089225487
-0.035755688107
0.139614502549
0.00441384087025
0.350011638676
-0.142355913399
-0.0614489743492
0.512437228729
-0.608345896353
0.605687928091
-0.584611807598
0.24318591481
-0.670260032171
0.49342272486
0.291927483377
-0.157433272599
-0.230427018829
-0.153492144951
-0.1099658465
-0.603634482058
0.615938260827
0.488374694169
0.736169908137
0.138943182893
0.142376137172
-1.1223014422
-0.300738947746
-1.01429546859
-0.15397500765
0.494013115835
1.03309421965
0.333895832432
-0.318362522937
0.30252376307
0.508525175234
-0.450697506319
0.0889917936327
-0.799626982061
0.171398763011
0.16814888809
-0.122444294284
0.45512712978
-0.494659512066
0.260126525288
0.530244742702
0.185041059689
-0.265789373846
-0.0776250891295
-0.293977386761
-0.689087978341
0.570597910907
-0.142415835476
0.250565278596
0.770348469422
-0.394789929682
0.0123272536397
0.0447614630655
-0.190246769048
-0.334373501363
0.512689526921
0.299706879701
0.261991676887
-0.650728660656
-0.634112625811
-0.331004536896
0.431240415842
0.679157391047
0.330793242807
-0.122460580181
0.341312532654
-0.723511750245
0.317444720506
0.472409595133
-1.06366764971
-1.921727315
-0.616279681082
-1.01139840055
-0.307268192118
-0.885093637202
0.0964872457024
-0.300473473129
0.0223051850026
0.306378578513
0.408825887297
0.282446780082
0.024284969967
0.467883717618
-0.418721490152
-0.402575694575
0.466104060037
0.105051261113
-0.241012187778
0.316805512026
0.0119560586395
0.21666825861
-0.00330228037642
-0.497594753349
-0.207025023947
-0.23990218338
-0.327497911569
0.248176533704
0.105004991986
-0.0446334598416
0.539176380928
-0.386193871576
-0.87430668082
0.279506915501
0.677805523193
0.72990916419
-0.240822191759
0.362435762882
0.828205435963
0.188328419327
-0.659923202679
0.511354863607
-0.023804766778
-0.460929011701
0.899975963013
0.763030407192
-0.229940300337
0.170792027471
-0.888796343492
1.62606930079
0.197162756494
-0.436960644162
-0.599866545361
-0.654312629324
-0.485114337836
-0.837165279992
-0.836168584254
0.12216098803
-0.0514237989211
0.0773110308535
0.962540104583
0.995158805939
0.579817344068
0.775207873613
0.171377636414
1.63330222697
0.192002460938
-0.529280246
0.625887587446
0.232965316497
-0.174743679739
0.40679160516
-0.0802101312443
-0.143973290268
-0.437445385607
-0.703981690767
0.434356665591
0.0347705157593
0.800552443379
0.622436659158
-0.446619514406
-0.862407982276
-0.0351311354171
0.225797720713
0.530052592157
0.0167745062183
-0.264497458733
0.422129360094
-0.533537146392
0.0302773226114
-0.70686366191
0.267250307705
-0.365975165386
-0.747913301651
-0.738352595353
-0.340006975214
0.445852729672
-0.935407275237
-0.729706947946
-0.0242440792551
0.042399429808
0.32324668633
0.0101058024453
0.140415778494
-0.483477597442
0.202500885309
0.156706521311
-0.750602331543
-0.797343290733
-0.163080109022
0.353499417048
0.288929292511
-0.426148253326
0.233730734257
-0.297270431984
-0.036287155128
-1.21666169936
-1.00087970328
-0.215976584994
0.301237134178
-0.0692995418624
0.171989323238
0.375288269647
0.556046464961
0.0356414524932
0.0473296115145
-0.599987826107
0.294484499207
-0.584362474022
-0.271240515974
0.200777231939
0.243892121792
-0.0815935811365
-0.472722186486
-0.337842805553
-0.228332964477
0.527399708746
0.0988094292671
0.681805892474
-0.164334600064
0.34805136938
0.401240446272
-1.02027018789
-0.203828512144
0.186147884181
-0.123937053157
-0.340520330555
0.160243847103
-0.648405056215
0.159641416011
0.600475310092
0.589297903882
0.244075501524
-0.335527820284
0.281780519204
0.0199067692805
-0.215280244324
0.036211625329
0.392830587472
-0.0550973831652
-0.50756605767
-1.17594059002
-0.157450851788
-0.384729946254
-0.3896367159
0.289879786269
-0.27606141132
-1.1081454099
-0.107883618095
-0.261986581839
0.278182876215
0.612043989047
0.262921134983
-0.0224780645875
0.010684149647
1.09989432416
-0.0420817208134
-0.710367980978
0.764436158709
0.358012104322
-0.762565256823
0.795000463038
-0.323103555209
-0.757638393294
-0.454899903812
0.179356097366
-0.0239783485217
-0.236178344231
0.089926795813
-0.276447476663
-0.273612737119
0.479910552778
0.45535833363
0.975584573097
0.0751635464332
0.483564994143
0.1234998595
0.221131313796
-0.59428240776
0.0179813989581
0.116027535706
-0.0398073569759
0.342730213791
0.959040361744
-0.0178276971715
0.0775408339225
-0.392826968653
-0.332960656346
-0.0108429288561
-0.864996239833
0.59225172531
-0.496150561867
-0.161040110787
-0.129052416565
0.33955737807
-0.401650317146
-0.116470320682
0.478518502052
-0.775114913556
-0.10892635858
-0.251674239969
-0.00504049625613
-0.44647589043
-1.09964357659
-0.0849664804011
0.231770711321
0.448832465642
-0.0673086040374
-0.792215692378
0.182550833963
-0.424921358533
-0.0689132055647
-0.238489649772
-0.336404433637
0.129319539982
-0.536232214543
0.065733528732
0.649238228329
0.0308866831781
0.0668067655023
-0.0968540805782
0.321856241087
0.443586159189
0.365810998182
-0.281454022813
-0.314859168274
0.549301083878
0.250904076064
-0.293330157734
-0.535803379305
-0.251455757116
-0.184982515801
0.138988704523
0.165290277398
-0.99059095619
0.112678662407
-0.0719817979889
-0.0895710523142
-0.121581891788
0.470668311791
-0.475162172785
0.474633576271
-0.969192840097
0.18257393392
1.43405664255
0.232504451467
-0.416875821955
-0.0660559733057
-0.0752404088951
-0.0755657843633
0.368237497415
-0.610249191823
-0.401878422712
-0.406320962218
0.178327970558
0.0343381119666
-0.247509359112
0.0699907055141
0.439972404836
0.142804698471
-0.0186324620525
-0.423517862155
-0.0643776902814
0.63967151137
0.20061182437
-0.259296739425
0.124676723373
0.414152251318
-0.0978757397026
0.701964439743
0.126768963147
-0.0607536407482
-0.0370857347063
-0.0374046906013
0.380132179707
0.0630049698818
1.065521993
0.114067282361
0.101175122163
0.376423500987
0.325988919857
-0.338603238267
0.262968767014
-0.598461764506
-1.16940058464
0.257776613682
0.474368676435
0.794940361127
-0.218155810616
-0.897140132575
-0.236215413324
0.240950292936
0.124168882505
0.111106109304
0.0611895384266
0.284053730098
0.0253419087063
1.11704489575
-0.173136887816
-0.26018539892
-0.176062691205
0.206165403565
0.00285683272828
0.209768408097
0.257703822923
0.0811001030995
0.304425780239
0.205847105608
0.196449766118
0.583877302988
-0.245579971813
-0.971817266365
0.00495298684408
-0.118280778267
0.0308938259327
-0.195650373415
1.0863369048
0.570209912007
-0.556554141999
0.114850537814
0.0750413807266
-0.198079058537
-0.215328965845
0.372979448107
-0.936156894458
0.305043439293
-0.67139369968
-0.222741668389
0.329962949722
0.125200572189
-0.312905500131
-0.0495465643725
-0.472980891299
-0.0587750744559
0.114852332351
0.0545308676633
-0.123195967123
0.271717298114
0.572370516196
0.122651075155
0.141567173406
0.617970315869
-1.30945717908
-0.374495578354
-0.298986863906
0.323443780343
-0.920495841829
0.441854680592
0.209299681007
0.127861621476
0.298852457754
-0.640645632937
-0.117791790331
0.13264809166
0.343608297887
0.110462903708
0.835110468375
-0.21541795721
-0.0801449115042
-0.567389004374
0.292936256236
-0.263256099832
0.615010374504
-0.425436418602
-0.151328357927
-0.708489349425
-0.24178680106
0.146997052019
-0.330026025796
0.0442908013683
0.282055686681
0.354078693886
-0.566124520093
0.387740474861
1.05748275115
0.578330603521
0.148014406449
0.440780989013
-0.00241949927081
-0.096946609089
0.730116921739
0.00359330360688
0.564797962489
-0.404545482414
-0.381354119002
-0.648103309847
0.514698551116
0.199427048959
-0.770484642957
0.0704045520574
0.610143777029
-0.00604840219614
-0.078936608378
0.0729910410161
0.255902288201
0.170325013917
-0.514628076285
-0.135288954822
-0.334594359874
0.157543786604
0.0104604677569
-0.599384888915
0.0469758541817
0.16046938911
-0.255897130406
0.451072038666
0.729866738651
-0.101677935996
0.170153139121
0.780939665
-0.209884167438
-0.243884118611
0.426622311037
0.0252506290432
0.246598533233
0.37145983827
0.298720543727
0.0212079695779
-1.04776702885
-0.0407034013932
-0.265216923934
0.0295721658747
-0.501800171982
-0.345497837902
0.0561903401476
-0.34629317507
0.604755244345
-0.338539529803
-0.477609133683
1.05265317
-0.207190944858
-0.51641746909
0.507186535601
0.658832972322
0.13897603114
0.103901346811
-0.304467200444
0.0599763357149
0.253477434983
-0.143272477173
0.685189312622
0.18945895758
-0.296254095041
-0.252634636416
0.615550690805
0.183251395077
-0.517083770013
-0.396703824219
0.423974273572
-1.38081635213
-0.571870921672
-0.114918734126
0.897953689509
0.532529098829
0.650053250317
0.183859110102
0.463090192859
-0.0961379557541
-0.532718687434
-0.486133828614
1.00145653269
0.136863462176
0.486523452036
0.418090923841
-0.60013239977
0.052268862976
0.287739563942
0.180536848876
0.557084330764
-1.34838581922
1.11520261246
0.0829590763828
0.347624423168
1.06306555806
0.68019680573
0.054264096105
0.359398099129
-1.04952468534
0.213416409409
-0.0381041833119
-0.437781915188
-0.326901069759
0.0345548108611
-0.574686050749
-0.14406642553
-0.258416605478
0.218502571624
0.360579972446
0.217115716285
-0.453336053827
0.254743355727
-0.0494920741867
-0.809788652908
-0.337023314452
-0.271705072487
-0.719135711743
0.0285521242939
0.288724416507
0.41326950619
-0.512990977866
-0.437844834657
1.07871946301
-0.0251765134842
0.13331000654
-0.0614345618483
0.163930961583
-0.450535175222
0.0154102153402
0.676951562088
0.514200848563
0.272516692918
0.365661676577
0.254092879118
0.437929281386
0.6898922825
-0.194009116109
0.114746946935
0.712893237588
0.712032176264
-0.162263369125
0.534952069702
0.2613577075
-0.185473137229
0.617303938076
-0.648589543037
-0.789654337757
0.0164340552804
0.563336021288
0.733175079393
-0.381795782706
0.187326814374
0.169844536284
0.212361324367
-0.276137784985
-0.619498385738
0.604520760364
-0.587495824966
0.204853805417
0.0868866060834
0.663033935502
-0.594118361636
0.249067372545
-0.42687278658
-0.13500159595
0.491356524951
-0.0547244645584
0.303443073453
0.482682835529
0.746398392192
0.209546845748
-0.0572333017087
-0.449482618047
0.669150585714
0.315956946986
-0.0658260135129
-0.0328775500422
-0.141049079641
-0.497840568587
0.0495984237691
-0.273947368568
0.753650189634
0.480234710419
0.13844101199
0.0251988971955
0.673333737791
-0.324302878764
0.55285629389
-0.444054084911
-0.0547977963966
-0.417625349601
-0.307035655656
-0.792119260166
0.0570285327026
-0.318181859739
-0.273398296992
0.0483266936556
0.737085849636
1.13148537184
0.321459851102
0.794291989321
0.397911408562
-0.0313139746379
-0.139572910465
0.165431425247
0.0972792417944
0.0271776709861
0.220353527026
-0.192514086752
-0.504187419282
-0.991454463963
0.0475379513695
0.260656562699
-0.534194825434
-0.98054737588
0.621864613948
-0.163023553072
0.205157395407
0.190676926256
0.718116689303
-0.158628106425
-1.43763281017
0.0995259850198
-0.0366589124968
-0.191896136098
1.19462856437
0.283417975573
-0.112527078625
-0.093568187974
0.37024289657
0.0874552564473
0.536286590392
-0.154416283843
-0.430051908601
0.0923194904952
0.773978343536
0.268483845728
-0.0422907530734
0.634734785467
0.264442767369
-0.49147916948
0.191800942292
0.584536740869
-0.240645375836
-0.173389505332
-0.139925717603
0.0321070262658
0.482514663726
0.47400915328
0.366605846414
0.57994960291
0.337994391103
0.619796743382
0.95465665877
-1.38097435513
-0.0553608135519
-0.0568128309463
0.413560681992
0.278314779944
-0.790519748588
0.497032450696
0.578897882181
0.345662718063
-0.861578651458
0.21770058931
-0.803977842988
-1.00270546351
0.769371783862
0.342800608375
0.809840299667
-0.135176231802
0.0492913430526
0.115119989009
-0.357915188263
0.576517766511
0.211384285668
-0.346445018715
-0.696040384815
-0.109904375621
0.164608707835
0.533331723375
0.636200781949
0.947221112665
-0.944712812259
0.204284809162
0.925928872724
-0.73518124725
-0.0165297203092
0.335468305353
-0.526146422561
-0.102026223503
-0.039805880306
-0.647329339706
-0.183780847963
-0.0385247809611
-0.0641947886753
0.491177851155
0.0614663874763
0.928599164154
-0.312332181111
0.772511059343
0.232534227254
-0.137405253253
-0.324848596618
-0.530128821195
-0.72907246067
0.708869171242
-0.0624651507213
0.0389301719291
-0.00857157118311
0.342457116249
-0.673783817858
0.390483627976
0.366744120333
0.267703616622
0.166479722662
0.415247852666
0.511685609163
-0.012669260947
0.0318502371362
0.0284434806427
-0.757701431666
-0.718208044598
-0.232352465146
-0.726947821752
-0.182647859394
-0.144303046245
0.311913426149
-0.341729559799
0.253904745702
-0.112753139612
0.389435746424
-0.127171419534
0.357588485789
0.766809342973
-0.943602326141
-0.683696957813
0.549771878473
-0.237951556383
-0.314214098686
0.221709418314
-0.292631750233
0.589427367094
0.180831669815
-0.505665008266
0.899440173608
0.269230277057
-0.219236399826
-0.569894775039
-0.240912628429
-0.190717896723
0.173721885618
0.357839338701
-0.48352496781
0.600295583891
-0.280482856551
-0.773599461001
-1.1163025053
-0.131494056644
-0.263895965648
1.13049336809
0.33758231159
-0.833534202334
0.25027818778
-1.12173500544
0.615238048519
-1.05195213797
-0.463274208923
0.0448870658058
1.28867094724
-0.0522656118592
-0.345359928535
0.242723917128
0.418681176499
0.096545501991
-0.332026451648
-0.542696561644
-0.612075538541
-0.995025122915
0.378389212159
0.0649191247259
0.615648586607
-0.0933022436632
0.279746740803
0.28795319164
0.136895096984
0.615048865019
-0.150893236822
-0.395182004272
0.892431194197
0.300925078944
0.166975504066
-0.155808623226
0.398096663069
-0.0607876580242
-0.166068150205
0.545673763458
0.274215424781
0.153797628069
-0.180432270957
-0.331993140039
0.352709174533
0.413167600893
0.0105224507316
-0.703354901719
0.915982627926
1.30804685739
0.0899874506888
-0.268944729746
0.499532219274
0.307219420823
0.323209226675
-0.916085048843
0.269900469399
-0.379924689353
0.566418301023
-0.395261456523
0.0747283187699
-0.608974291932
0.916178416369
0.637060522081
-0.804070612666
-0.920688469911
-1.03618149739
0.271238396423
-0.810828541812
-0.397413552355
0.307573374544
0.451828392829
-0.219602411868
0.173193599958
-0.218661541269
-0.41507015302
-0.528576259247
0.54027681379
-0.778000937348
-0.163957046175
-0.546741786055
-0.0759071781903
-0.00917497873507
0.265696420879
0.584959947712
-0.125787633074
0.294758746798
-0.288569071219
-0.542064048564
-0.0340449791608
-0.0678778666408
-0.559066393268
0.278517869432
-0.486867413388
-0.843125446802
0.0508168476501
-0.232904968575
0.522020264099
-0.944619372808
0.335600234219
0.462065229243
-0.938556775644
-0.293209874092
0.124593973816
-0.27706706657
0.305408369556
-0.592456471898
0.156040143322
0.353550381777
-1.0110259011
-0.17605017418
-0.0422002948337
-0.882669099707
1.09390814739
0.187749973968
-0.81447549964
0.484130810757
-0.254772753641
-0.0677092297727
-0.895055029181
-0.147779175875
0.011150760568
-0.995463530255
-0.348856254555
0.0251456517441
1.11992476678
-0.205525571865
0.232872123672
0.122736952897
-0.428520372944
0.670722681637
0.388073840443
1.06108680039
-0.717439505055
-0.12005510053
-0.171552106022
0.27654352845
0.807741049567
-0.0822129792727
-0.117790919902
0.69000556378
-0.736024751605
-0.0568957781436
-0.232751262285
0.223662429048
0.704141509835
0.295951845712
-0.996579054367
0.349971052508
0.532511098107
0.030361002309
1.03646146668
0.122688057501
-0.752370335698
0.0151584038903
0.536861768868
-0.332986003359
1.22926756663
0.203940787445
-0.219144000638
0.513538899299
0.279214786989
-0.574400110624
0.0611692971685
0.552094051626
-0.00497726229071
0.638577957622
0.585071460069
-0.536203513005
0.143276916554
0.113479840063
0.75014281362
-0.0891213299007
-0.235935886615
-0.124533641816
-0.218722976527
0.254231964562
1.07240914247
-0.103811879437
-0.573094289643
1.08439788407
0.00216751573239
0.721942862497
0.333579830237
0.393918023843
0.303914285475
0.769984827884
-0.406362421853
0.543900119731
-0.487335070868
-1.12307578954
0.389173778189
0.431960956766
-0.245051947571
-0.101978239226
-0.0173904644065
-0.368033583064
-0.76889753189
-0.0379983266917
0.0154934397388
-0.442072822949
0.846498252051
0.688907069254
0.638544827798
-0.523446190823
-0.294262128644
-0.550707699084
0.498802615335
-0.714102247852
0.385320750997
0.735970328984
0.0877650027076
-0.442467689324
0.559263366853
0.861694401825
-0.389212122664
0.595710027469
0.329782628115
0.0140342681255
0.619641318448
-0.690938932721
0.0791584309188
0.435973077812
-0.213319877643
0.466283634541
-0.315117811022
0.14427557801
-0.131719600473
0.407897275156
0.36372005588
-0.0969223343946
1.10638643765
0.206938240686
-0.0384665042067
0.369421044164
0.488157526712
-0.648345864185
-0.0333155720292
-0.103966863297
-0.280278887935
-0.319553033242
-0.245339909816
-0.00941475729354
-0.218090794205
0.308938981141
0.499965677752
-0.104496331533
0.224809946711
0.539786510428
-0.377812647278
0.538092283333
-0.241871268054
-0.683142340754
-0.576968916561
0.174902519206
-0.288852275534
0.0884428586141
-0.459250996387
-0.174194825099
0.140135633191
-0.460708925234
-0.881993300334
-0.157220491537
0.0909327092356
0.115876144184
-0.363744394033
0.130168655345
0.15638781693
-0.00113988060641
0.208157229855
0.488453132718
0.0886450162638
-0.562204782724
0.498223782071
-0.562642594076
-0.47294951626
-0.876640564208
-0.573757849486
-0.280648119747
0.145197554529
-0.566070417091
0.0679393795137
0.743331712586
-0.00792083641301
0.311385212719
-0.0344504609019
0.112703558405
0.602042183202
0.500555750662
0.00541753436129
-0.521717044376
-0.0595756638168
-0.368943790857
-0.0667648128412
0.218415039676
-0.121157349978
1.17687581015
-0.050340479933
-0.0909847936513
0.606626440316
0.696952859956
-0.101036568033
-0.17253635961
0.417638200571
-0.1729395014
0.635278206672
-0.0641402029777
-0.0737621205913
0.235550372923
-0.242494561271
0.111716079521
-0.755756918169
-0.180744319721
0.40850324574
-0.789457982138
0.332975953128
1.21948995783
-0.61071782992
0.567707011813
-0.262059255269
-0.581409539011
-0.427477300784
-0.000707613110187
-0.0875248386802
0.178983068671
0.0493512292009
0.312424461099
0.300187746298
0.362021549618
-0.005028356913
0.701869446006
0.562692483803
-0.429532762953
0.261181599455
0.549500812714
-0.663181126994
-0.323367146385
-0.468791419768
-1.31503768305
-0.207461975002
0.172821098306
-0.588807462229
0.348825367438
0.0366646094352
0.772039669918
0.12936362435
-0.110930859147
-0.755966425331
-0.0828919531386
-0.319896042008
-0.385090236581
-0.152394462408
-0.45406689835
-0.352111306414
0.388066787221
0.705905743224
-0.229364692462
0.50540193194
-0.582716701502
-0.277859419674
0.28240478709
0.546244374928
-0.0243229790629
0.809113541022
-0.210812995842
-0.232940922198
-0.184928449213
0.722063326456
0.654946121345
-0.689433133235
0.147855388931
0.145152078312
-0.963463697032
-0.457162629429
0.0330490791995
0.961813644585
0.353680320748
-0.15801155312
0.381299038467
-0.0595638706875
0.844712979872
0.404993716537
-0.691841335681
0.312083297929
-0.0507755135946
0.369153424624
-0.424197777024
-0.138671558951
-0.497830871224
-0.736766685027
-0.689136559932
0.314585290831
-0.0918050101244
-0.117690236714
-0.0865787532872
0.587699719225
-0.586067765572
0.0211991373996
0.877131949935
-0.0243226436328
0.356404708791
-0.463234599195
-0.407057068907
-0.532863840758
0.235151691468
0.469717940935
0.194208551377
0.27639678739
-0.538262252572
0.139657846984
0.34938563164
-0.367526536256
-0.0824844445438
0.0954433812386
0.489219813277
0.230333905678
-0.439518876501
0.473602398662
0.139125183918
0.0520568201093
0.362703537337
-0.648100963333
0.681207579721
-0.40275314623
-0.774370995366
1.05179592108
-0.885451276892
0.727056034018
-0.331139101262
0.489567944642
0.818858832578
0.357160538858
-0.224432069553
-0.410706865545
0.137493649987
0.0599161718536
-0.260134962215
0.183378872088
-0.44419084165
0.418683120175
-0.150568403833
0.915037043248
-1.27092374862
0.45080472545
0.297612273863
0.378608687498
0.392557298843
0.327963415282
-0.170749091878
-0.140285236685
0.575661525172
0.0511973575849
0.0147186846789
0.368189763582
0.174196280731
0.923536050961
0.375210746284
-0.559189191652
-0.15963362982
-0.207606504384
-0.00755038184882
0.289462191367
-0.585942707236
0.731049641289
0.363257742545
0.015706480918
0.638848290948
-0.393362213727
-0.118157170729
-0.115895852372
0.0369373802637
0.158852520553
-0.347672648168
-0.766339682892
0.329605622079
0.199352545498
0.234988190785
-0.490982298848
-0.169746815421
-0.331035160828
0.267446130812
0.109148712896
0.0834173391398
0.296210853087
0.451921731814
0.234329723195
-0.426245878371
0.135783379331
0.260753215947
0.490312251462
-0.30320884688
-0.186875218595
-0.631102349567
-0.347163409872
-0.565496679746
0.615191154559
0.153515007378
-0.786358739919
-0.890658352643
-0.127433478026
0.275513934963
-0.112860314944
0.311102854808
-0.394086176095
0.122168259598
-0.131060554132
0.460735692909
0.547087006251
-0.238804583188
0.98986068935
-0.229901291627
-0.615209623724
1.42656588205
0.540899209733
0.656929362773
0.403440423144
1.04467862331
0.181665762254
-0.243558641473
0.0908905695461
1.33227536119
-0.445553553857
-1.28285937224
-0.957762601842
-0.231202314982
-0.0422794635317
0.00729570241296
-1.1261837756
-0.563402626391
0.46147250205
-0.106832186115
-0.38477077134
-0.224305431127
0.598924514402
0.112551725535
-0.200131433617
-0.664072282391
0.285037590217
0.000530181030256
-0.997580733615
-0.210629868333
0.865605218132
0.355455311497
0.44111144982
-0.0233614213003
0.322553221996
0.660150251646
0.448743384601
-0.0491436058687
-0.206112576414
0.209507260454
0.447409772389
0.707762038526
0.339768753642
-0.512469358416
0.580705832463
0.425640873439
-0.778853067186
-0.0417457427206
0.420112857403
0.884719539891
-0.659517256939
0.184999892627
0.18473526261
-0.675745335061
0.235533488494
-0.0992022622223
-0.4219168662
-0.991368699889
0.446638263759
0.567611254774
0.528343463997
0.385225982289
0.295185965911
-0.792661045629
-0.579062338816
-0.02461991334
-0.116843276817
0.10809882904
-0.229222836045
-0.598446094942
0.218080878407
0.00162765520962
-0.414501954378
0.346739354934
-0.0695206274699
-0.439630526065
-0.0214788339571
-0.0972798494793
-0.184024247038
-0.0397113698421
-0.0465579565127
-1.21408335083
0.599002315119
0.159206652124
0.234127116255
0.230959680716
-0.215999222212
0.121180115881
0.719706828694
-0.0912826130042
0.420926913019
-0.191818270575
-0.00569392437025
-0.113758084999
-0.21784371266
0.0742279702419
0.140353195266
0.26010953383
-0.747691660234
0.352826163396
-0.271420769386
-0.27284155561
-0.371539457282
0.985164406841
-0.213931495637
-0.466130084788
-0.536995905273
0.640272946401
0.473784449138
0.898048707219
0.979666998488
-0.692857230197
-0.258773688446
-0.502064545909
0.119313638838
0.416179085951
-0.334246676184
0.0418118781982
-0.182678399987
-0.60244719325
-0.148330433718
0.691898821769
-0.364067525445
-0.103163635858
-0.612769995113
-0.153561213446
-0.752614872235
-0.558240452687
0.117480498637
0.157332904973
0.107742808206
1.02010883259
-0.0309343748205
0.566025002313
-0.341439879379
-0.468331691008
0.146539197889
0.229049513608
0.643651669748
0.195647234857
0.339387841962
0.0259113411505
0.914006401721
1.07553717891
-0.0457345315428
0.146996585602
0.32587785975
-0.0521340455794
0.0827158329952
0.232991325098
0.857242111209
0.391019766185
0.764434259881
0.887340326204
-0.1081203168
0.0163410187935
0.272641165748
0.745199747001
0.149881480734
-0.303128372133
-0.526795887281
0.281238515786
0.297945816221
-0.421055199659
0.0698352266764
-0.0960988698832
0.275176359023
-0.346223307947
-0.460633648494
0.08843007336
0.952631234305
-0.298926911299
-1.01848837863
-0.0974263118993
-0.344537624564
-0.426546166339
0.0622673492583
0.912932296617
-0.354393111763
-0.215513080371
-0.598603847023
0.107915379058
0.340802125489
0.416989270949
-0.0107836544117
0.856738316517
-0.433651966425
0.11658189049
-0.136324024089
0.14590516328
0.270406067644
-0.534246306581
0.145563239939
0.543179634698
0.572050727941
-0.30038278859
-0.424517209387
-0.135930464049
0.148136304455
-0.513769536662
-0.922977898563
-0.540422595913
-0.688093985082
0.266094177883
0.131824124527
0.214264558506
-0.802175159633
0.600449661331
0.40063405067
0.267592362941
-0.484523599574
-0.00159771539375
0.148588452908
-1.23301268362
-0.415706985777
0.553089373113
-0.59859356918
0.446169905549
0.152516748674
-0.344250840433
-0.10629010882
-0.235691166618
-0.534418539898
-0.122973653604
-0.712507479192
-0.908348970928
0.695731752976
-0.0981072447038
1.06390856028
-0.0416955075391
-0.126136093117
-0.223337671542
-0.191227675341
0.797888086426
-0.478385148015
0.755473129691
-0.322655109742
0.0325819334661
0.223014677714
-0.0398554968012
0.729727941552
-0.219364845885
0.32162583454
0.0572782759093
0.360025611456
0.0905200395669
-0.27385547269
0.0278438347879
0.107200310024
-0.556867432538
-0.925396344361
-0.846567484495
-0.0332476836604
0.196288311617
0.223377402264
-0.130488224622
-1.5360843146
0.461726470252
-0.12168571466
0.745145608013
0.34193881616
0.688582406404
0.154430922758
0.116962500303
0.811512225379
0.360723345586
-0.646521984395
-0.239369601861
-0.120228824183
0.267177727339
0.907456211887
-0.179081961478
-0.90398094592
0.67876032221
0.0819926935912
0.170954092064
0.422770442349
-0.512674004456
0.103423409437
-0.238477887384
0.563621218653
0.0209106533254
-0.493482278884
0.84757151108
-0.474457597553
1.09955051603
0.308848150087
-0.204158261147
-0.951301477724
0.378421932851
0.320747279271
0.404570278254
0.476131878331
0.474392553982
0.642939826136
-0.518059553869
-0.165507491583
0.30605759823
0.0306606716201
0.283674966993
0.944769229016
-0.279539814729
-0.337028434756
0.34700945826
0.107538908943
0.360690740283
0.232746467112
-0.058748420792
0.309205187271
-0.130830314963
0.272712278144
0.489076371418
0.103333419809
0.0990326172077
0.890656510075
-0.0526945115667
-0.247898857788
0.786093713936
0.483510999257
0.422647574512
0.125304964921
-0.644884365797
-0.180602250545
-0.19288193629
0.0676721440099
-0.829745652771
0.269491831331
0.223305556362
0.731488273351
0.149365098386
-0.728629767543
-0.202953567294
-1.15861188575
0.252316198097
-0.24810731844
0.452678788985
1.11966717849
-0.408532501667
0.258385654471
0.0224772989655
0.110958817451
-0.424767436768
-0.100824691968
-0.0966890491096
0.00416317750148
0.207265686612
0.687987914068
-0.319698677447
0.491961636055
0.196190362596
-0.253847029463
-0.0305857265249
0.327451358447
-0.0381509345328
-0.0397198142574
-0.203998991576
-1.22287543386
-0.101674032736
0.489402243011
-0.357730501411
-2.1383540331
0.0864800185014
-0.399838550205
-0.328795014769
0.283061138619
0.936335606427
0.322741891276
0.00894885468945
-0.0693735262139
0.17950634709
0.278408496493
-0.324803236477
0.233549563919
0.197799089437
0.780404089989
-0.946565796328
0.582001606744
-1.06381896252
-1.35147709008
-0.183281103923
0.249742262935
-0.038145555435
1.0491543673
-0.366199011359
-0.530202585926
0.034876498767
0.263341598006
-0.705201512153
0.0173848462616
-0.299115357513
-0.697534889626
0.2130191619
-0.13144520309
-0.201428307796
0.620456962867
0.402725386551
0.424794192369
0.946075561573
-0.309659100944
0.0202431869138
-0.320966665676
-0.933024915122
0.638200456182
0.705218862169
0.550598538751
-0.265554251523
-0.697054499924
-0.779985357601
-0.414930768762
-0.505894555307
0.681486465286
0.117024160601
-0.551721376676
-0.00477295319033
0.292916488598
0.432862306554
1.04944849264
-0.38562750485
-0.739520240246
0.0339558406149
0.184458064577
0.125275688237
-0.265727645791
-0.0993816034654
0.62124415475
0.175534123966
0.0511548053475
-0.251422407792
0.114316458677
0.639054505972
-0.00372251503091
-0.0821121691268
0.25704841232
0.728915099273
-0.673422640897
-0.782270190331
-0.169985541919
-0.000780727996289
0.180838660315
0.200656294294
-0.0722919895374
-0.0617725869461
0.711394741433
-0.412143562572
-0.283942913454
-0.440200919808
0.414911227985
-0.420054885222
-0.195902856374
-0.119592777533
-0.698824472869
0.323349521782
0.346657608551
0.0698811180848
-0.858273015925
-0.519241179614
0.101118937679
-0.423859252667
0.193291626515
-0.171574444406
-0.138939583969
1.331423077
-0.0705914858087
-0.168109774507
-0.297501040145
-1.06420427377
-0.0390467346072
0.49934506531
-0.213072543195
0.261038521177
-0.816720417134
-0.27057640915
-0.86993328421
0.60022086794
-0.618556722155
-0.377097775611
0.363280543304
0.561893599805
-0.332102703057
-0.233266618776
0.867844350699
0.0193303905052
0.862005872725
0.188881118647
-1.00770104927
0.0954154723095
0.415897501337
-0.298454180899
0.792820536413
0.0352601613217
-0.0585110332045
0.365020074511
0.0510627385941
-0.101299904331
-0.155735453669
0.196854233653
0.360248669423
-0.0569975167632
0.367752614295
0.871913841098
-0.130710765365
-0.247446855283
-0.163674952795
0.0156574269901
-0.538545120209
-0.402506163614
-0.587413551601
-0.241635195354
0.393321670871
0.566482540813
0.714898121941
0.00733641259601
0.617191582563
1.58386687138
-0.0961853191882
0.460543269215
0.108176837408
-0.511493352594
0.151763405005
-0.914351688637
-0.0695228287205
-0.732018147
0.208481979669
-0.364882422936
-0.343843493734
0.091369058756
0.00787009468314
0.145755671506
-0.708275001543
-0.429384756426
-0.0963618983328
-0.0330168427359
-0.0942774813933
-0.804354678783
-0.0630213331935
-0.890891650691
0.560442742165
0.700268351797
0.597295504175
0.447589512909
0.18257692226
0.200981499512
1.04181358551
-0.129010501112
0.604000448563
0.541024024939
0.474631590428
